94 21 102
141 35 0
14 73 -43
103 74 -15
124 96 95
51 104 90
68 106 86
114 110 -30
128 112 -11
173 117 26
159 149 32
242 149 36
128 177 -5
47 182 -49
279 190 41
230 203 50
202 204 53
250 224 51
72 225 -48
226 238 57
130 244 73
285 268 49
87 281 98
267 290 54
149 296 78
34 304 -121
268 316 64
27 344 2
244 367 -45
274 370 -45
84 377 -13
254 379 -30
125 387 -27
215 390 -34
225 401 -18
158 403 -28
185 404 -26
185 413 -13
64 415 1
245 430 124
222 432 -7
156 435 -7
176 442 1
88 445 2
core
139 195 77
core
31 268 201
