112 50 103
159 64 0
122 99 -13
12 131 -49
68 131 89
87 131 88
148 134 -7
191 142 28
177 171 35
257 176 38
141 192 -8
65 204 -48
158 216 56
217 227 54
157 229 69
245 230 51
90 245 -49
264 253 51
239 262 58
145 264 71
54 273 -53
13 274 67
103 303 97
19 312 -106
164 317 78
279 318 52
54 327 -127
285 341 64
45 368 -1
255 395 -44
101 398 -14
265 407 -35
139 415 -27
226 416 -33
237 427 -17
169 428 -28
196 429 -25
78 439 -1
194 439 -12
235 458 -5
168 459 -5
102 469 4
188 469 0
core
156 215 76
core
48 291 201
